3 0.2
3 3 1

0.371619703
0.186438005
-0.413154875
0.00511263
0.11963292
-0.329554798
-0.213958372
0.332619977
0.378106277
-0.262760599
-0.146757625
0.262164124
-0.496643627
-0.376734781
0.182541981
0.307202093
-0.446125608
-0.252752343
-0.197226895
0.399201789
0.599711848
0.012296377
-0.284342534
0.157327157
-0.371619703
0.386438005
0.213154875
0.00511263
-0.11963292
0.329554798
-0.213958372
-0.432619977
-0.388106277
0.696643627
0.376734781
-0.282541981
-0.307202093
-0.446125608
-0.252752343
0.397226895
0.399201789
0.499711848
0.312296377
0.484342534
0.357327157
-0.371619703
0.486438005
0.213154875
0.00511263
0.11963292
0.329554798
-0.413958372
-0.332619977
0.388106277
0.296643627
0.376734781
0.182541981
-0.307202093
-0.446125608
-0.452752343
-0.297226895
0.399201789
0.299711848
0.312296377
-0.384342534
0.157327157
-0.371619703
0.186438005
0.213154875
0.00511263
0.11963292
0.329554798
-0.313958372
0.432619977
0.388106277
-0.296643627
0.376734781
0.182541981
0.307202093
0.446125608
-0.252752343
0.397226895
-0.399201789
0.499711848
-0.312296377
0.284342534
-0.257327157
0.371619703
-0.186438005
-0.313154875
0.00511263
-0.11963292
0.329554798
0.413958372
-0.432619977
0.388106277
0.296643627
0.376734781
0.182541981
0.307202093
0.446125608
0.252752343
-0.397226895
0.399201789
-0.199711848
0.312296377
0.284342534
0.357327157
0.371619703
0.486438005
0.413154875
0.00511263
-0.11963292
0.329554798
0.413958372
0.132619977
0.388106277