6 3 1 0.05 5000 60
-0.193149848 0.070205132 0.066851748 -0.124038516
0.070205132 0.066851748 -0.124038516 0.113299782
0.066851748 -0.124038516 0.113299782 -0.084661128
-0.124038516 0.113299782 -0.084661128 -0.021319356
0.113299782 -0.084661128 -0.021319356 0.058148814
-0.084661128 -0.021319356 0.058148814 0.156363445
-0.021319356 0.058148814 0.156363445 0.017367644
0.058148814 0.156363445 0.017367644 -0.052836139
0.156363445 0.017367644 -0.052836139 0.081794624
0.017367644 -0.052836139 0.081794624 -0.115808231
-0.052836139 0.081794624 -0.115808231 0.019010829
0.081794624 -0.115808231 0.019010829 0.028045278
-0.115808231 0.019010829 0.028045278 0.053282764
0.019010829 0.028045278 0.053282764 0.047426776
0.028045278 0.053282764 0.047426776 -0.024901952
0.053282764 0.047426776 -0.024901952 0.010189219
0.047426776 -0.024901952 0.010189219 0.091702383
-0.024901952 0.010189219 0.091702383 0.197637911
0.010189219 0.091702383 0.197637911 -0.020202056
0.091702383 0.197637911 -0.020202056 -0.002198129
0.197637911 -0.020202056 -0.002198129 -0.22537658
-0.020202056 -0.002198129 -0.22537658 -0.19763151
-0.002198129 -0.22537658 -0.19763151 -0.069720936
-0.22537658 -0.19763151 -0.069720936 0.23301815
-0.19763151 -0.069720936 0.23301815 0.019648385
-0.069720936 0.23301815 0.019648385 -0.112799691
0.23301815 0.019648385 -0.112799691 -0.111176837
0.019648385 -0.112799691 -0.111176837 -0.022577624
-0.112799691 -0.111176837 -0.022577624 -0.156721243
-0.111176837 -0.022577624 -0.156721243 -0.114536955
-0.022577624 -0.156721243 -0.114536955 -0.226652071
-0.156721243 -0.114536955 -0.226652071 0.047748987
-0.114536955 -0.226652071 0.047748987 0.09121794
-0.226652071 0.047748987 0.09121794 -0.001597643
0.047748987 0.09121794 -0.001597643 0.028931787
0.09121794 -0.001597643 0.028931787 0.12099399
-0.001597643 0.028931787 0.12099399 0.050955106
0.028931787 0.12099399 0.050955106 0.010341838
0.12099399 0.050955106 0.010341838 0.048436958
0.050955106 0.010341838 0.048436958 0.040331845
0.010341838 0.048436958 0.040331845 0.068932112
0.048436958 0.040331845 0.068932112 0.075113822
0.040331845 0.068932112 0.075113822 0.080411587
0.068932112 0.075113822 0.080411587 0.059647104
0.075113822 0.080411587 0.059647104 -0.169906027
0.080411587 0.059647104 -0.169906027 -0.005960484
0.059647104 -0.169906027 -0.005960484 0.07109605
-0.169906027 -0.005960484 0.07109605 -0.078790239
-0.005960484 0.07109605 -0.078790239 -0.082511306
0.07109605 -0.078790239 -0.082511306 -0.091426035
-0.078790239 -0.082511306 -0.091426035 0.082293498
-0.082511306 -0.091426035 0.082293498 -0.077396574
-0.091426035 0.082293498 -0.077396574 0.144107035
0.082293498 -0.077396574 0.144107035 0.143245862
-0.077396574 0.144107035 0.143245862 -0.104352963
0.144107035 0.143245862 -0.104352963 0.064413996
0.143245862 -0.104352963 0.064413996 0.010643557
-0.104352963 0.064413996 0.010643557 0.021258634
0.064413996 0.010643557 0.021258634 -0.0454019
0.010643557 0.021258634 -0.0454019 -0.078404695